Job,Routing_ID,Operation,Machine,Start,Processing Time,End,Arrival,Ready Time,Due Date
01-09500-0000,01-07,9,M03,3247,79,3326,0,1440,3326
01-09500-0001,01-06,9,M04,3594,55,3649,47,1440,3649
01-09500-0002,01-01,9,M08,3105,30,3135,112,1440,3135
01-09500-0003,01-05,0,M02,3180,84,3264,155,1440,5310
01-09500-0003,01-05,1,M01,3661,2,3663,155,1440,5310
01-09500-0003,01-05,2,M05,3735,52,3787,155,1440,5310
01-09500-0003,01-05,3,M03,3820,95,3915,155,1440,5310
01-09500-0003,01-05,4,M08,4051,48,4099,155,1440,5310
01-09500-0003,01-05,5,M09,4099,72,4171,155,1440,5310
01-09500-0003,01-05,6,M00,4249,47,4296,155,1440,5310
01-09500-0003,01-05,7,M06,4299,65,4364,155,1440,5310
01-09500-0003,01-05,8,M04,4390,6,4396,155,1440,5310
01-09500-0003,01-05,9,M07,5285,25,5310,155,1440,5310
01-09500-0004,01-04,9,M06,2962,53,3015,196,1440,3015
01-09500-0006,01-00,9,M09,3989,21,4010,673,1440,4010
01-09500-0007,01-03,7,M03,2889,98,2987,801,1440,4088
01-09500-0007,01-03,8,M09,3024,22,3046,801,1440,4088
01-09500-0007,01-03,9,M05,4045,43,4088,801,1440,4088
01-09500-0008,01-09,9,M07,3243,45,3288,861,1440,3288
01-09500-0009,01-08,0,M00,3701,76,3777,876,1440,5913
01-09500-0009,01-08,1,M01,3797,69,3866,876,1440,5913
01-09500-0009,01-08,2,M03,3915,76,3991,876,1440,5913
01-09500-0009,01-08,3,M05,3991,51,4042,876,1440,5913
01-09500-0009,01-08,4,M02,4241,85,4326,876,1440,5913
01-09500-0009,01-08,5,M09,4342,11,4353,876,1440,5913
01-09500-0009,01-08,6,M06,4364,40,4404,876,1440,5913
01-09500-0009,01-08,7,M07,4664,89,4753,876,1440,5913
01-09500-0009,01-08,8,M04,4806,26,4832,876,1440,5913
01-09500-0009,01-08,9,M08,5839,74,5913,876,1440,5913
01-09500-0010,01-06,9,M04,3736,55,3791,896,1440,3791
01-09500-0011,01-02,9,M04,3958,33,3991,901,1440,3991
01-09500-0012,01-08,9,M08,3220,74,3294,970,1440,3294
01-09500-0013,01-04,6,M08,2882,21,2903,1054,1440,4643
01-09500-0013,01-04,7,M07,2903,49,2952,1054,1440,4643
01-09500-0013,01-04,8,M09,2952,72,3024,1054,1440,4643
01-09500-0013,01-04,9,M06,4590,53,4643,1054,1440,4643
01-09500-0014,01-09,9,M07,3469,45,3514,1083,1440,3514
01-09500-0015,01-01,9,M08,3759,30,3789,1285,1440,3789
01-09500-0016,01-07,7,M09,2882,48,2930,1345,1440,4197
01-09500-0016,01-07,8,M07,2952,36,2988,1345,1440,4197
01-09500-0016,01-07,9,M03,4118,79,4197,1345,1440,4197
01-09500-0017,01-05,0,M02,2880,84,2964,1691,2880,4451
01-09500-0017,01-05,1,M01,3007,2,3009,1691,2880,4451
01-09500-0017,01-05,2,M05,3009,52,3061,1691,2880,4451
01-09500-0017,01-05,3,M03,3061,95,3156,1691,2880,4451
01-09500-0017,01-05,4,M08,3156,48,3204,1691,2880,4451
01-09500-0017,01-05,5,M09,3204,72,3276,1691,2880,4451
01-09500-0017,01-05,6,M00,3305,47,3352,1691,2880,4451
01-09500-0017,01-05,7,M06,3352,65,3417,1691,2880,4451
01-09500-0017,01-05,8,M04,3417,6,3423,1691,2880,4451
01-09500-0017,01-05,9,M07,4426,25,4451,1691,2880,4451
01-09500-0018,01-03,0,M01,3215,81,3296,1743,2880,4895
01-09500-0018,01-03,1,M02,3296,95,3391,1743,2880,4895
01-09500-0018,01-03,2,M00,3552,71,3623,1743,2880,4895
01-09500-0018,01-03,3,M04,3791,99,3890,1743,2880,4895
01-09500-0018,01-03,4,M06,3890,9,3899,1743,2880,4895
01-09500-0018,01-03,5,M08,3969,52,4021,1743,2880,4895
01-09500-0018,01-03,6,M07,4021,85,4106,1743,2880,4895
01-09500-0018,01-03,7,M03,4197,98,4295,1743,2880,4895
01-09500-0018,01-03,8,M09,4320,22,4342,1743,2880,4895
01-09500-0018,01-03,9,M05,4852,43,4895,1743,2880,4895
01-09500-0019,01-00,0,M00,3352,29,3381,1748,2880,5073
01-09500-0019,01-00,1,M01,3537,78,3615,1748,2880,5073
01-09500-0019,01-00,2,M02,3775,9,3784,1748,2880,5073
01-09500-0019,01-00,3,M03,3784,36,3820,1748,2880,5073
01-09500-0019,01-00,4,M04,4090,49,4139,1748,2880,5073
01-09500-0019,01-00,5,M05,4180,11,4191,1748,2880,5073
01-09500-0019,01-00,6,M06,4237,62,4299,1748,2880,5073
01-09500-0019,01-00,7,M07,4339,56,4395,1748,2880,5073
01-09500-0019,01-00,8,M08,4395,44,4439,1748,2880,5073
01-09500-0019,01-00,9,M09,5052,21,5073,1748,2880,5073
01-09500-0020,01-05,0,M02,4157,84,4241,1758,2880,5944
01-09500-0020,01-05,1,M01,4241,2,4243,1758,2880,5944
01-09500-0020,01-05,2,M05,4243,52,4295,1758,2880,5944
01-09500-0020,01-05,3,M03,4364,95,4459,1758,2880,5944
01-09500-0020,01-05,4,M08,4459,48,4507,1758,2880,5944
01-09500-0020,01-05,5,M09,4608,72,4680,1758,2880,5944
01-09500-0020,01-05,6,M00,4987,47,5034,1758,2880,5944
01-09500-0020,01-05,7,M06,5034,65,5099,1758,2880,5944
01-09500-0020,01-05,8,M04,5099,6,5105,1758,2880,5944
01-09500-0020,01-05,9,M07,5919,25,5944,1758,2880,5944
01-09500-0021,01-03,0,M01,3456,81,3537,1774,2880,5037
01-09500-0021,01-03,1,M02,3680,95,3775,1774,2880,5037
01-09500-0021,01-03,2,M00,3777,71,3848,1774,2880,5037
01-09500-0021,01-03,3,M04,3991,99,4090,1774,2880,5037
01-09500-0021,01-03,4,M06,4139,9,4148,1774,2880,5037
01-09500-0021,01-03,5,M08,4148,52,4200,1774,2880,5037
01-09500-0021,01-03,6,M07,4254,85,4339,1774,2880,5037
01-09500-0021,01-03,7,M03,4590,98,4688,1774,2880,5037
01-09500-0021,01-03,8,M09,4688,22,4710,1774,2880,5037
01-09500-0021,01-03,9,M05,4994,43,5037,1774,2880,5037
01-09500-0022,01-01,0,M00,2956,43,2999,1820,2880,4698
01-09500-0022,01-01,1,M02,3059,90,3149,1820,2880,4698
01-09500-0022,01-01,2,M04,3245,75,3320,1820,2880,4698
01-09500-0022,01-01,3,M09,3320,11,3331,1820,2880,4698
01-09500-0022,01-01,4,M03,3600,69,3669,1820,2880,4698
01-09500-0022,01-01,5,M01,3669,28,3697,1820,2880,4698
01-09500-0022,01-01,6,M06,3697,46,3743,1820,2880,4698
01-09500-0022,01-01,7,M05,3838,46,3884,1820,2880,4698
01-09500-0022,01-01,8,M07,3884,72,3956,1820,2880,4698
01-09500-0022,01-01,9,M08,4668,30,4698,1820,2880,4698
01-09500-0023,01-04,0,M02,3404,14,3418,1871,2880,5495
01-09500-0023,01-04,1,M00,3666,6,3672,1871,2880,5495
01-09500-0023,01-04,2,M01,3697,22,3719,1871,2880,5495
01-09500-0023,01-04,3,M05,3894,61,3955,1871,2880,5495
01-09500-0023,01-04,4,M03,3991,26,4017,1871,2880,5495
01-09500-0023,01-04,5,M04,4214,69,4283,1871,2880,5495
01-09500-0023,01-04,6,M08,4283,21,4304,1871,2880,5495
01-09500-0023,01-04,7,M07,4487,49,4536,1871,2880,5495
01-09500-0023,01-04,8,M09,4536,72,4608,1871,2880,5495
01-09500-0023,01-04,9,M06,5442,53,5495,1871,2880,5495
01-09500-0024,01-08,0,M00,2880,76,2956,1922,2880,4676
01-09500-0024,01-08,1,M01,3146,69,3215,1922,2880,4676
01-09500-0024,01-08,2,M03,3387,76,3463,1922,2880,4676
01-09500-0024,01-08,3,M05,3470,51,3521,1922,2880,4676
01-09500-0024,01-08,4,M02,3521,85,3606,1922,2880,4676
01-09500-0024,01-08,5,M09,3606,11,3617,1922,2880,4676
01-09500-0024,01-08,6,M06,3617,40,3657,1922,2880,4676
01-09500-0024,01-08,7,M07,3657,89,3746,1922,2880,4676
01-09500-0024,01-08,8,M04,3922,26,3948,1922,2880,4676
01-09500-0024,01-08,9,M08,4594,74,4668,1922,2880,4676
01-09500-0025,01-02,0,M01,3009,91,3100,1939,2880,4686
01-09500-0025,01-02,1,M00,3220,85,3305,1939,2880,4686
01-09500-0025,01-02,2,M03,3561,39,3600,1939,2880,4686
01-09500-0025,01-02,3,M02,3606,74,3680,1939,2880,4686
01-09500-0025,01-02,4,M08,3789,90,3879,1939,2880,4686
01-09500-0025,01-02,5,M05,3884,10,3894,1939,2880,4686
01-09500-0025,01-02,6,M07,3956,12,3968,1939,2880,4686
01-09500-0025,01-02,7,M06,4050,89,4139,1939,2880,4686
01-09500-0025,01-02,8,M09,4171,45,4216,1939,2880,4686
01-09500-0025,01-02,9,M04,4653,33,4686,1939,2880,4686
01-09500-0026,01-09,0,M01,4303,85,4388,2001,2880,6195
01-09500-0026,01-09,1,M00,4388,13,4401,2001,2880,6195
01-09500-0026,01-09,2,M02,4401,61,4462,2001,2880,6195
01-09500-0026,01-09,3,M06,4462,7,4469,2001,2880,6195
01-09500-0026,01-09,4,M08,4507,64,4571,2001,2880,6195
01-09500-0026,01-09,5,M09,5073,76,5149,2001,2880,6195
01-09500-0026,01-09,6,M05,5149,47,5196,2001,2880,6195
01-09500-0026,01-09,7,M03,5196,52,5248,2001,2880,6195
01-09500-0026,01-09,8,M04,5248,90,5338,2001,2880,6195
01-09500-0026,01-09,9,M07,6150,45,6195,2001,2880,6195
01-09500-0027,01-06,0,M01,2961,46,3007,2082,2880,4528
01-09500-0027,01-06,1,M00,3146,37,3183,2082,2880,4528
01-09500-0027,01-06,2,M03,3183,61,3244,2082,2880,4528
01-09500-0027,01-06,3,M02,3264,13,3277,2082,2880,4528
01-09500-0027,01-06,4,M06,3277,32,3309,2082,2880,4528
01-09500-0027,01-06,5,M05,3309,21,3330,2082,2880,4528
01-09500-0027,01-06,6,M09,3331,32,3363,2082,2880,4528
01-09500-0027,01-06,7,M08,3363,89,3452,2082,2880,4528
01-09500-0027,01-06,8,M07,3514,30,3544,2082,2880,4528
01-09500-0027,01-06,9,M04,4431,55,4486,2082,2880,4528
01-09500-0028,01-00,0,M00,3672,29,3701,2086,2880,5549
01-09500-0028,01-00,1,M01,3719,78,3797,2086,2880,5549
01-09500-0028,01-00,2,M02,4033,9,4042,2086,2880,5549
01-09500-0028,01-00,3,M03,4042,36,4078,2086,2880,5549
01-09500-0028,01-00,4,M04,4309,49,4358,2086,2880,5549
01-09500-0028,01-00,5,M05,4367,11,4378,2086,2880,5549
01-09500-0028,01-00,6,M06,4469,62,4531,2086,2880,5549
01-09500-0028,01-00,7,M07,4536,56,4592,2086,2880,5549
01-09500-0028,01-00,8,M08,4932,44,4976,2086,2880,5549
01-09500-0028,01-00,9,M09,5528,21,5549,2086,2880,5549
01-09500-0029,01-07,0,M02,4126,31,4157,2104,2880,5885
01-09500-0029,01-07,1,M00,4163,86,4249,2104,2880,5885
01-09500-0029,01-07,2,M01,4249,46,4295,2104,2880,5885
01-09500-0029,01-07,3,M05,4378,74,4452,2104,2880,5885
01-09500-0029,01-07,4,M04,4541,32,4573,2104,2880,5885
01-09500-0029,01-07,5,M06,4643,88,4731,2104,2880,5885
01-09500-0029,01-07,6,M08,4848,19,4867,2104,2880,5885
01-09500-0029,01-07,7,M09,4867,48,4915,2104,2880,5885
01-09500-0029,01-07,8,M07,4915,36,4951,2104,2880,5885
01-09500-0029,01-07,9,M03,5806,79,5885,2104,2880,5885
01-09500-0030,01-04,0,M02,4326,14,4340,2116,2880,6350
01-09500-0030,01-04,1,M00,4340,6,4346,2116,2880,6350
01-09500-0030,01-04,2,M01,4416,22,4438,2116,2880,6350
01-09500-0030,01-04,3,M05,4452,61,4513,2116,2880,6350
01-09500-0030,01-04,4,M03,4688,26,4714,2116,2880,6350
01-09500-0030,01-04,5,M04,4737,69,4806,2116,2880,6350
01-09500-0030,01-04,6,M08,4867,21,4888,2116,2880,6350
01-09500-0030,01-04,7,M07,4951,49,5000,2116,2880,6350
01-09500-0030,01-04,8,M09,5149,72,5221,2116,2880,6350
01-09500-0030,01-04,9,M06,6297,53,6350,2116,2880,6350
01-09500-0031,01-06,0,M01,3100,46,3146,2356,2880,4541
01-09500-0031,01-06,1,M00,3183,37,3220,2356,2880,4541
01-09500-0031,01-06,2,M03,3326,61,3387,2356,2880,4541
01-09500-0031,01-06,3,M02,3391,13,3404,2356,2880,4541
01-09500-0031,01-06,4,M06,3417,32,3449,2356,2880,4541
01-09500-0031,01-06,5,M05,3449,21,3470,2356,2880,4541
01-09500-0031,01-06,6,M09,3470,32,3502,2356,2880,4541
01-09500-0031,01-06,7,M08,3502,89,3591,2356,2880,4541
01-09500-0031,01-06,8,M07,3591,30,3621,2356,2880,4541
01-09500-0031,01-06,9,M04,4486,55,4541,2356,2880,4541
01-09500-0032,01-00,0,M00,4134,29,4163,2439,2880,6202
01-09500-0032,01-00,1,M01,4163,78,4241,2439,2880,6202
01-09500-0032,01-00,2,M02,4340,9,4349,2439,2880,6202
01-09500-0032,01-00,3,M03,4554,36,4590,2439,2880,6202
01-09500-0032,01-00,4,M04,4688,49,4737,2439,2880,6202
01-09500-0032,01-00,5,M05,4737,11,4748,2439,2880,6202
01-09500-0032,01-00,6,M06,4748,62,4810,2439,2880,6202
01-09500-0032,01-00,7,M07,4810,56,4866,2439,2880,6202
01-09500-0032,01-00,8,M08,4888,44,4932,2439,2880,6202
01-09500-0032,01-00,9,M09,6181,21,6202,2439,2880,6202
01-09500-0033,01-01,0,M00,3623,43,3666,2444,2880,5325
01-09500-0033,01-01,1,M02,3943,90,4033,2444,2880,5325
01-09500-0033,01-01,2,M04,4139,75,4214,2444,2880,5325
01-09500-0033,01-01,3,M09,4216,11,4227,2444,2880,5325
01-09500-0033,01-01,4,M03,4295,69,4364,2444,2880,5325
01-09500-0033,01-01,5,M01,4388,28,4416,2444,2880,5325
01-09500-0033,01-01,6,M06,4416,46,4462,2444,2880,5325
01-09500-0033,01-01,7,M05,4513,46,4559,2444,2880,5325
01-09500-0033,01-01,8,M07,4592,72,4664,2444,2880,5325
01-09500-0033,01-01,9,M08,5295,30,5325,2444,2880,5325
01-09500-0034,01-07,0,M02,3149,31,3180,2497,2880,5407
01-09500-0034,01-07,1,M00,3381,86,3467,2497,2880,5407
01-09500-0034,01-07,2,M01,3615,46,3661,2497,2880,5407
01-09500-0034,01-07,3,M05,3661,74,3735,2497,2880,5407
01-09500-0034,01-07,4,M04,3890,32,3922,2497,2880,5407
01-09500-0034,01-07,5,M06,3922,88,4010,2497,2880,5407
01-09500-0034,01-07,6,M08,4021,19,4040,2497,2880,5407
01-09500-0034,01-07,7,M09,4040,48,4088,2497,2880,5407
01-09500-0034,01-07,8,M07,4195,36,4231,2497,2880,5407
01-09500-0034,01-07,9,M03,5328,79,5407,2497,2880,5407
01-09500-0035,01-02,0,M01,3296,91,3387,2507,2880,4898
01-09500-0035,01-02,1,M00,3467,85,3552,2507,2880,4898
01-09500-0035,01-02,2,M03,3745,39,3784,2507,2880,4898
01-09500-0035,01-02,3,M02,3784,74,3858,2507,2880,4898
01-09500-0035,01-02,4,M08,3879,90,3969,2507,2880,4898
01-09500-0035,01-02,5,M05,3969,10,3979,2507,2880,4898
01-09500-0035,01-02,6,M07,3979,12,3991,2507,2880,4898
01-09500-0035,01-02,7,M06,4148,89,4237,2507,2880,4898
01-09500-0035,01-02,8,M09,4237,45,4282,2507,2880,4898
01-09500-0035,01-02,9,M04,4865,33,4898,2507,2880,4898
01-09500-0036,01-03,0,M01,2880,81,2961,2515,2880,4367
01-09500-0036,01-03,1,M02,2964,95,3059,2515,2880,4367
01-09500-0036,01-03,2,M00,3075,71,3146,2515,2880,4367
01-09500-0036,01-03,3,M04,3146,99,3245,2515,2880,4367
01-09500-0036,01-03,4,M06,3245,9,3254,2515,2880,4367
01-09500-0036,01-03,5,M08,3294,52,3346,2515,2880,4367
01-09500-0036,01-03,6,M07,3346,85,3431,2515,2880,4367
01-09500-0036,01-03,7,M03,3463,98,3561,2515,2880,4367
01-09500-0036,01-03,8,M09,3561,22,3583,2515,2880,4367
01-09500-0036,01-03,9,M05,4324,43,4367,2515,2880,4367
01-09500-0037,01-08,0,M00,2999,76,3075,2579,2880,4848
01-09500-0037,01-08,1,M01,3387,69,3456,2579,2880,4848
01-09500-0037,01-08,2,M03,3669,76,3745,2579,2880,4848
01-09500-0037,01-08,3,M05,3787,51,3838,2579,2880,4848
01-09500-0037,01-08,4,M02,3858,85,3943,2579,2880,4848
01-09500-0037,01-08,5,M09,3943,11,3954,2579,2880,4848
01-09500-0037,01-08,6,M06,4010,40,4050,2579,2880,4848
01-09500-0037,01-08,7,M07,4106,89,4195,2579,2880,4848
01-09500-0037,01-08,8,M04,4283,26,4309,2579,2880,4848
01-09500-0037,01-08,9,M08,4774,74,4848,2579,2880,4848
01-09500-0038,01-05,0,M02,4042,84,4126,2740,2880,5805
01-09500-0038,01-05,1,M01,4126,2,4128,2740,2880,5805
01-09500-0038,01-05,2,M05,4128,52,4180,2740,2880,5805
01-09500-0038,01-05,3,M03,4459,95,4554,2740,2880,5805
01-09500-0038,01-05,4,M08,4720,48,4768,2740,2880,5805
01-09500-0038,01-05,5,M09,4768,72,4840,2740,2880,5805
01-09500-0038,01-05,6,M00,4840,47,4887,2740,2880,5805
01-09500-0038,01-05,7,M06,4887,65,4952,2740,2880,5805
01-09500-0038,01-05,8,M04,4952,6,4958,2740,2880,5805
01-09500-0038,01-05,9,M07,5780,25,5805,2740,2880,5805
