Job,Routing_ID,Operation,Machine,Start,Processing Time,End,Arrival,Ready Time,Due Date
01-09500-0000,01-07,9,M03,3247,79,3326,0,1440,3326
01-09500-0001,01-06,9,M04,3594,55,3649,47,1440,3649
01-09500-0002,01-01,9,M08,3105,30,3135,112,1440,3135
01-09500-0003,01-05,0,M02,3180,84,3264,155,1440,5310
01-09500-0003,01-05,1,M01,3661,2,3663,155,1440,5310
01-09500-0003,01-05,2,M05,3735,52,3787,155,1440,5310
01-09500-0003,01-05,3,M03,3820,95,3915,155,1440,5310
01-09500-0003,01-05,4,M08,4021,48,4069,155,1440,5310
01-09500-0003,01-05,5,M09,4069,72,4141,155,1440,5310
01-09500-0003,01-05,6,M00,4163,47,4210,155,1440,5310
01-09500-0003,01-05,7,M06,4325,65,4390,155,1440,5310
01-09500-0003,01-05,8,M04,4390,6,4396,155,1440,5310
01-09500-0003,01-05,9,M07,5285,25,5310,155,1440,5310
01-09500-0004,01-04,9,M06,2962,53,3015,196,1440,3015
01-09500-0006,01-00,9,M09,3989,21,4010,673,1440,4010
01-09500-0007,01-03,8,M09,3011,22,3033,801,1440,4088
01-09500-0007,01-03,9,M05,4045,43,4088,801,1440,4088
01-09500-0008,01-09,9,M07,3243,45,3288,861,1440,3288
01-09500-0009,01-08,0,M00,3701,76,3777,876,1440,5913
01-09500-0009,01-08,1,M01,3797,69,3866,876,1440,5913
01-09500-0009,01-08,2,M03,3915,76,3991,876,1440,5913
01-09500-0009,01-08,3,M05,3991,51,4042,876,1440,5913
01-09500-0009,01-08,4,M02,4241,85,4326,876,1440,5913
01-09500-0009,01-08,5,M09,4326,11,4337,876,1440,5913
01-09500-0009,01-08,6,M06,4643,40,4683,876,1440,5913
01-09500-0009,01-08,7,M07,4683,89,4772,876,1440,5913
01-09500-0009,01-08,8,M04,4806,26,4832,876,1440,5913
01-09500-0009,01-08,9,M08,5839,74,5913,876,1440,5913
01-09500-0010,01-06,9,M04,3736,55,3791,896,1440,3791
01-09500-0011,01-02,9,M04,3958,33,3991,901,1440,3991
01-09500-0012,01-08,9,M08,3220,74,3294,970,1440,3294
01-09500-0013,01-04,7,M07,2890,49,2939,1054,1440,4643
01-09500-0013,01-04,8,M09,2939,72,3011,1054,1440,4643
01-09500-0013,01-04,9,M06,4590,53,4643,1054,1440,4643
01-09500-0014,01-09,9,M07,3469,45,3514,1083,1440,3514
01-09500-0015,01-01,9,M08,3759,30,3789,1285,1440,3789
01-09500-0016,01-07,9,M03,4118,79,4197,1345,1440,4197
01-09500-0017,01-05,0,M02,2880,84,2964,1691,2880,4451
01-09500-0017,01-05,1,M01,3007,2,3009,1691,2880,4451
01-09500-0017,01-05,2,M05,3009,52,3061,1691,2880,4451
01-09500-0017,01-05,3,M03,3061,95,3156,1691,2880,4451
01-09500-0017,01-05,4,M08,3156,48,3204,1691,2880,4451
01-09500-0017,01-05,5,M09,3204,72,3276,1691,2880,4451
01-09500-0017,01-05,6,M00,3305,47,3352,1691,2880,4451
01-09500-0017,01-05,7,M06,3352,65,3417,1691,2880,4451
01-09500-0017,01-05,8,M04,3417,6,3423,1691,2880,4451
01-09500-0017,01-05,9,M07,4426,25,4451,1691,2880,4451
01-09500-0018,01-03,0,M01,3215,81,3296,1743,2880,4895
01-09500-0018,01-03,1,M02,3296,95,3391,1743,2880,4895
01-09500-0018,01-03,2,M00,3552,71,3623,1743,2880,4895
01-09500-0018,01-03,3,M04,3791,99,3890,1743,2880,4895
01-09500-0018,01-03,4,M06,3890,9,3899,1743,2880,4895
01-09500-0018,01-03,5,M08,3969,52,4021,1743,2880,4895
01-09500-0018,01-03,6,M07,4021,85,4106,1743,2880,4895
01-09500-0018,01-03,7,M03,4197,98,4295,1743,2880,4895
01-09500-0018,01-03,8,M09,4295,22,4317,1743,2880,4895
01-09500-0018,01-03,9,M05,4852,43,4895,1743,2880,4895
01-09500-0019,01-00,0,M00,3352,29,3381,1748,2880,5073
01-09500-0019,01-00,1,M01,3537,78,3615,1748,2880,5073
01-09500-0019,01-00,2,M02,3775,9,3784,1748,2880,5073
01-09500-0019,01-00,3,M03,3784,36,3820,1748,2880,5073
01-09500-0019,01-00,4,M04,4090,49,4139,1748,2880,5073
01-09500-0019,01-00,5,M05,4139,11,4150,1748,2880,5073
01-09500-0019,01-00,6,M06,4174,62,4236,1748,2880,5073
01-09500-0019,01-00,7,M07,4316,56,4372,1748,2880,5073
01-09500-0019,01-00,8,M08,4372,44,4416,1748,2880,5073
01-09500-0019,01-00,9,M09,5052,21,5073,1748,2880,5073
01-09500-0020,01-05,0,M02,4157,84,4241,1758,2880,5944
01-09500-0020,01-05,1,M01,4241,2,4243,1758,2880,5944
01-09500-0020,01-05,2,M05,4243,52,4295,1758,2880,5944
01-09500-0020,01-05,3,M03,4557,95,4652,1758,2880,5944
01-09500-0020,01-05,4,M08,4848,48,4896,1758,2880,5944
01-09500-0020,01-05,5,M09,4896,72,4968,1758,2880,5944
01-09500-0020,01-05,6,M00,4968,47,5015,1758,2880,5944
01-09500-0020,01-05,7,M06,5015,65,5080,1758,2880,5944
01-09500-0020,01-05,8,M04,5080,6,5086,1758,2880,5944
01-09500-0020,01-05,9,M07,5919,25,5944,1758,2880,5944
01-09500-0021,01-03,0,M01,3456,81,3537,1774,2880,5037
01-09500-0021,01-03,1,M02,3680,95,3775,1774,2880,5037
01-09500-0021,01-03,2,M00,3777,71,3848,1774,2880,5037
01-09500-0021,01-03,3,M04,3991,99,4090,1774,2880,5037
01-09500-0021,01-03,4,M06,4165,9,4174,1774,2880,5037
01-09500-0021,01-03,5,M08,4174,52,4226,1774,2880,5037
01-09500-0021,01-03,6,M07,4231,85,4316,1774,2880,5037
01-09500-0021,01-03,7,M03,4364,98,4462,1774,2880,5037
01-09500-0021,01-03,8,M09,4462,22,4484,1774,2880,5037
01-09500-0021,01-03,9,M05,4994,43,5037,1774,2880,5037
01-09500-0022,01-01,0,M00,2956,43,2999,1820,2880,4698
01-09500-0022,01-01,1,M02,3059,90,3149,1820,2880,4698
01-09500-0022,01-01,2,M04,3245,75,3320,1820,2880,4698
01-09500-0022,01-01,3,M09,3320,11,3331,1820,2880,4698
01-09500-0022,01-01,4,M03,3600,69,3669,1820,2880,4698
01-09500-0022,01-01,5,M01,3669,28,3697,1820,2880,4698
01-09500-0022,01-01,6,M06,3697,46,3743,1820,2880,4698
01-09500-0022,01-01,7,M05,3838,46,3884,1820,2880,4698
01-09500-0022,01-01,8,M07,3884,72,3956,1820,2880,4698
01-09500-0022,01-01,9,M08,4668,30,4698,1820,2880,4698
01-09500-0023,01-04,0,M02,3404,14,3418,1871,2880,5495
01-09500-0023,01-04,1,M00,3666,6,3672,1871,2880,5495
01-09500-0023,01-04,2,M01,3697,22,3719,1871,2880,5495
01-09500-0023,01-04,3,M05,3894,61,3955,1871,2880,5495
01-09500-0023,01-04,4,M03,3991,26,4017,1871,2880,5495
01-09500-0023,01-04,5,M04,4214,69,4283,1871,2880,5495
01-09500-0023,01-04,6,M08,4283,21,4304,1871,2880,5495
01-09500-0023,01-04,7,M07,4372,49,4421,1871,2880,5495
01-09500-0023,01-04,8,M09,4484,72,4556,1871,2880,5495
01-09500-0023,01-04,9,M06,5442,53,5495,1871,2880,5495
01-09500-0024,01-08,0,M00,2880,76,2956,1922,2880,4676
01-09500-0024,01-08,1,M01,3146,69,3215,1922,2880,4676
01-09500-0024,01-08,2,M03,3387,76,3463,1922,2880,4676
01-09500-0024,01-08,3,M05,3470,51,3521,1922,2880,4676
01-09500-0024,01-08,4,M02,3521,85,3606,1922,2880,4676
01-09500-0024,01-08,5,M09,3606,11,3617,1922,2880,4676
01-09500-0024,01-08,6,M06,3617,40,3657,1922,2880,4676
01-09500-0024,01-08,7,M07,3657,89,3746,1922,2880,4676
01-09500-0024,01-08,8,M04,3890,26,3916,1922,2880,4676
01-09500-0024,01-08,9,M08,4594,74,4668,1922,2880,4676
01-09500-0025,01-02,0,M01,3009,91,3100,1939,2880,4686
01-09500-0025,01-02,1,M00,3220,85,3305,1939,2880,4686
01-09500-0025,01-02,2,M03,3561,39,3600,1939,2880,4686
01-09500-0025,01-02,3,M02,3606,74,3680,1939,2880,4686
01-09500-0025,01-02,4,M08,3789,90,3879,1939,2880,4686
01-09500-0025,01-02,5,M05,3884,10,3894,1939,2880,4686
01-09500-0025,01-02,6,M07,3956,12,3968,1939,2880,4686
01-09500-0025,01-02,7,M06,4236,89,4325,1939,2880,4686
01-09500-0025,01-02,8,M09,4337,45,4382,1939,2880,4686
01-09500-0025,01-02,9,M04,4653,33,4686,1939,2880,4686
01-09500-0026,01-09,0,M01,4303,85,4388,2001,2880,6195
01-09500-0026,01-09,1,M00,4388,13,4401,2001,2880,6195
01-09500-0026,01-09,2,M02,4401,61,4462,2001,2880,6195
01-09500-0026,01-09,3,M06,4683,7,4690,2001,2880,6195
01-09500-0026,01-09,4,M08,4896,64,4960,2001,2880,6195
01-09500-0026,01-09,5,M09,4968,76,5044,2001,2880,6195
01-09500-0026,01-09,6,M05,5044,47,5091,2001,2880,6195
01-09500-0026,01-09,7,M03,5091,52,5143,2001,2880,6195
01-09500-0026,01-09,8,M04,5143,90,5233,2001,2880,6195
01-09500-0026,01-09,9,M07,6150,45,6195,2001,2880,6195
01-09500-0027,01-06,0,M01,2961,46,3007,2082,2880,4528
01-09500-0027,01-06,1,M00,3146,37,3183,2082,2880,4528
01-09500-0027,01-06,2,M03,3183,61,3244,2082,2880,4528
01-09500-0027,01-06,3,M02,3264,13,3277,2082,2880,4528
01-09500-0027,01-06,4,M06,3277,32,3309,2082,2880,4528
01-09500-0027,01-06,5,M05,3309,21,3330,2082,2880,4528
01-09500-0027,01-06,6,M09,3331,32,3363,2082,2880,4528
01-09500-0027,01-06,7,M08,3363,89,3452,2082,2880,4528
01-09500-0027,01-06,8,M07,3514,30,3544,2082,2880,4528
01-09500-0027,01-06,9,M04,4431,55,4486,2082,2880,4528
01-09500-0028,01-00,0,M00,3672,29,3701,2086,2880,5549
01-09500-0028,01-00,1,M01,3719,78,3797,2086,2880,5549
01-09500-0028,01-00,2,M02,3974,9,3983,2086,2880,5549
01-09500-0028,01-00,3,M03,4017,36,4053,2086,2880,5549
01-09500-0028,01-00,4,M04,4309,49,4358,2086,2880,5549
01-09500-0028,01-00,5,M05,4367,11,4378,2086,2880,5549
01-09500-0028,01-00,6,M06,4390,62,4452,2086,2880,5549
01-09500-0028,01-00,7,M07,4452,56,4508,2086,2880,5549
01-09500-0028,01-00,8,M08,4508,44,4552,2086,2880,5549
01-09500-0028,01-00,9,M09,5528,21,5549,2086,2880,5549
01-09500-0029,01-07,0,M02,3943,31,3974,2104,2880,5885
01-09500-0029,01-07,1,M00,3974,86,4060,2104,2880,5885
01-09500-0029,01-07,2,M01,4060,46,4106,2104,2880,5885
01-09500-0029,01-07,3,M05,4150,74,4224,2104,2880,5885
01-09500-0029,01-07,4,M04,4358,32,4390,2104,2880,5885
01-09500-0029,01-07,5,M06,4498,88,4586,2104,2880,5885
01-09500-0029,01-07,6,M08,4746,19,4765,2104,2880,5885
01-09500-0029,01-07,7,M09,4818,48,4866,2104,2880,5885
01-09500-0029,01-07,8,M07,4866,36,4902,2104,2880,5885
01-09500-0029,01-07,9,M03,5806,79,5885,2104,2880,5885
01-09500-0030,01-04,0,M02,4326,14,4340,2116,2880,6350
01-09500-0030,01-04,1,M00,4340,6,4346,2116,2880,6350
01-09500-0030,01-04,2,M01,4416,22,4438,2116,2880,6350
01-09500-0030,01-04,3,M05,4438,61,4499,2116,2880,6350
01-09500-0030,01-04,4,M03,4688,26,4714,2116,2880,6350
01-09500-0030,01-04,5,M04,4737,69,4806,2116,2880,6350
01-09500-0030,01-04,6,M08,4960,21,4981,2116,2880,6350
01-09500-0030,01-04,7,M07,4981,49,5030,2116,2880,6350
01-09500-0030,01-04,8,M09,5073,72,5145,2116,2880,6350
01-09500-0030,01-04,9,M06,6297,53,6350,2116,2880,6350
01-09500-0031,01-06,0,M01,3100,46,3146,2356,2880,4541
01-09500-0031,01-06,1,M00,3183,37,3220,2356,2880,4541
01-09500-0031,01-06,2,M03,3326,61,3387,2356,2880,4541
01-09500-0031,01-06,3,M02,3391,13,3404,2356,2880,4541
01-09500-0031,01-06,4,M06,3417,32,3449,2356,2880,4541
01-09500-0031,01-06,5,M05,3449,21,3470,2356,2880,4541
01-09500-0031,01-06,6,M09,3470,32,3502,2356,2880,4541
01-09500-0031,01-06,7,M08,3502,89,3591,2356,2880,4541
01-09500-0031,01-06,8,M07,3591,30,3621,2356,2880,4541
01-09500-0031,01-06,9,M04,4486,55,4541,2356,2880,4541
01-09500-0032,01-00,0,M00,4134,29,4163,2439,2880,6202
01-09500-0032,01-00,1,M01,4163,78,4241,2439,2880,6202
01-09500-0032,01-00,2,M02,4340,9,4349,2439,2880,6202
01-09500-0032,01-00,3,M03,4652,36,4688,2439,2880,6202
01-09500-0032,01-00,4,M04,4688,49,4737,2439,2880,6202
01-09500-0032,01-00,5,M05,4737,11,4748,2439,2880,6202
01-09500-0032,01-00,6,M06,4748,62,4810,2439,2880,6202
01-09500-0032,01-00,7,M07,4810,56,4866,2439,2880,6202
01-09500-0032,01-00,8,M08,4981,44,5025,2439,2880,6202
01-09500-0032,01-00,9,M09,6181,21,6202,2439,2880,6202
01-09500-0033,01-01,0,M00,3623,43,3666,2444,2880,5325
01-09500-0033,01-01,1,M02,3983,90,4073,2444,2880,5325
01-09500-0033,01-01,2,M04,4139,75,4214,2444,2880,5325
01-09500-0033,01-01,3,M09,4214,11,4225,2444,2880,5325
01-09500-0033,01-01,4,M03,4295,69,4364,2444,2880,5325
01-09500-0033,01-01,5,M01,4388,28,4416,2444,2880,5325
01-09500-0033,01-01,6,M06,4452,46,4498,2444,2880,5325
01-09500-0033,01-01,7,M05,4499,46,4545,2444,2880,5325
01-09500-0033,01-01,8,M07,4545,72,4617,2444,2880,5325
01-09500-0033,01-01,9,M08,5295,30,5325,2444,2880,5325
01-09500-0034,01-07,0,M02,3149,31,3180,2497,2880,5407
01-09500-0034,01-07,1,M00,3381,86,3467,2497,2880,5407
01-09500-0034,01-07,2,M01,3615,46,3661,2497,2880,5407
01-09500-0034,01-07,3,M05,3661,74,3735,2497,2880,5407
01-09500-0034,01-07,4,M04,3916,32,3948,2497,2880,5407
01-09500-0034,01-07,5,M06,3948,88,4036,2497,2880,5407
01-09500-0034,01-07,6,M08,4069,19,4088,2497,2880,5407
01-09500-0034,01-07,7,M09,4141,48,4189,2497,2880,5407
01-09500-0034,01-07,8,M07,4195,36,4231,2497,2880,5407
01-09500-0034,01-07,9,M03,5328,79,5407,2497,2880,5407
01-09500-0035,01-02,0,M01,3296,91,3387,2507,2880,4898
01-09500-0035,01-02,1,M00,3467,85,3552,2507,2880,4898
01-09500-0035,01-02,2,M03,3745,39,3784,2507,2880,4898
01-09500-0035,01-02,3,M02,3784,74,3858,2507,2880,4898
01-09500-0035,01-02,4,M08,3879,90,3969,2507,2880,4898
01-09500-0035,01-02,5,M05,3969,10,3979,2507,2880,4898
01-09500-0035,01-02,6,M07,3979,12,3991,2507,2880,4898
01-09500-0035,01-02,7,M06,4076,89,4165,2507,2880,4898
01-09500-0035,01-02,8,M09,4225,45,4270,2507,2880,4898
01-09500-0035,01-02,9,M04,4865,33,4898,2507,2880,4898
01-09500-0036,01-03,0,M01,2880,81,2961,2515,2880,4367
01-09500-0036,01-03,1,M02,2964,95,3059,2515,2880,4367
01-09500-0036,01-03,2,M00,3075,71,3146,2515,2880,4367
01-09500-0036,01-03,3,M04,3146,99,3245,2515,2880,4367
01-09500-0036,01-03,4,M06,3245,9,3254,2515,2880,4367
01-09500-0036,01-03,5,M08,3294,52,3346,2515,2880,4367
01-09500-0036,01-03,6,M07,3346,85,3431,2515,2880,4367
01-09500-0036,01-03,7,M03,3463,98,3561,2515,2880,4367
01-09500-0036,01-03,8,M09,3561,22,3583,2515,2880,4367
01-09500-0036,01-03,9,M05,4324,43,4367,2515,2880,4367
01-09500-0037,01-08,0,M00,2999,76,3075,2579,2880,4848
01-09500-0037,01-08,1,M01,3387,69,3456,2579,2880,4848
01-09500-0037,01-08,2,M03,3669,76,3745,2579,2880,4848
01-09500-0037,01-08,3,M05,3787,51,3838,2579,2880,4848
01-09500-0037,01-08,4,M02,3858,85,3943,2579,2880,4848
01-09500-0037,01-08,5,M09,3943,11,3954,2579,2880,4848
01-09500-0037,01-08,6,M06,4036,40,4076,2579,2880,4848
01-09500-0037,01-08,7,M07,4106,89,4195,2579,2880,4848
01-09500-0037,01-08,8,M04,4283,26,4309,2579,2880,4848
01-09500-0037,01-08,9,M08,4774,74,4848,2579,2880,4848
01-09500-0038,01-05,0,M02,4073,84,4157,2740,2880,5805
01-09500-0038,01-05,1,M01,4157,2,4159,2740,2880,5805
01-09500-0038,01-05,2,M05,4378,52,4430,2740,2880,5805
01-09500-0038,01-05,3,M03,4462,95,4557,2740,2880,5805
01-09500-0038,01-05,4,M08,4698,48,4746,2740,2880,5805
01-09500-0038,01-05,5,M09,4746,72,4818,2740,2880,5805
01-09500-0038,01-05,6,M00,4818,47,4865,2740,2880,5805
01-09500-0038,01-05,7,M06,4865,65,4930,2740,2880,5805
01-09500-0038,01-05,8,M04,4930,6,4936,2740,2880,5805
01-09500-0038,01-05,9,M07,5780,25,5805,2740,2880,5805
