Job,Routing_ID,Arrival,Ready Time,Deadline,Operation,Machine,Start,Processing Time,End
J25-0052,8,3675,4320,6437,6,M06,5769,40,5809
J25-0082,7,5419,5760,7265,0,M02,5770,31,5801
J25-0044,5,3231,4320,5957,8,M04,5774,6,5780
J25-0041,9,3174,4320,5836,8,M04,5780,90,5870
J25-0044,5,3231,4320,5957,9,M07,5789,25,5814
J25-0055,7,3918,4320,5859,9,M03,5790,79,5869
J25-0050,6,3607,4320,6371,3,M02,5801,13,5814
J25-0061,9,4233,4320,6533,3,M06,5809,7,5816
J25-0052,8,3675,4320,6437,7,M07,5814,89,5903
J25-0056,5,3945,4320,6686,0,M02,5814,84,5898
J25-0050,6,3607,4320,6371,4,M06,5816,32,5848
J25-0039,9,3137,4320,6259,5,M09,5835,76,5911
J25-0061,9,4233,4320,6533,4,M08,5835,64,5899
J25-0046,3,3354,4320,6149,4,M06,5848,9,5857
J25-0050,6,3607,4320,6371,5,M05,5848,21,5869
J25-0033,2,2660,2880,6738,0,M01,5851,91,5942
J25-0059,1,4076,4320,6187,6,M06,5857,46,5903
J25-0034,8,2715,2880,6387,0,M00,5866,76,5942
J25-0049,2,3603,4320,6414,2,M03,5869,39,5908
J25-0063,3,4269,4320,5959,9,M05,5869,43,5912
J25-0062,6,4259,4320,6091,9,M04,5870,55,5925
J25-0075,4,4666,5760,7277,0,M02,5898,14,5912
J25-0058,3,4060,4320,6044,5,M08,5899,52,5951
J25-0041,9,3174,4320,5836,9,M07,5903,45,5948
J25-0051,4,3651,4320,6988,4,M03,5908,26,5934
J25-0050,6,3607,4320,6371,6,M09,5911,32,5943
J25-0039,9,3137,4320,6259,6,M05,5912,47,5959
J25-0049,2,3603,4320,6414,3,M02,5912,74,5986
J25-0052,8,3675,4320,6437,8,M04,5925,26,5951
J25-0034,8,2715,2880,6387,1,M01,5942,69,6011
J25-0053,9,3809,4320,6614,1,M00,5942,13,5955
J25-0061,9,4233,4320,6533,5,M09,5943,76,6019
J25-0051,4,3651,4320,6988,5,M04,5951,69,6020
J25-0058,3,4060,4320,6044,6,M07,5951,85,6036
J25-0030,0,2313,2880,6015,0,M00,5955,29,5984
J25-0039,9,3137,4320,6259,7,M03,5959,52,6011
J25-0059,1,4076,4320,6187,7,M05,5959,46,6005
J25-0084,1,5438,5760,6816,0,M00,5984,43,6027
J25-0049,2,3603,4320,6414,4,M08,5986,90,6076
J25-0053,9,3809,4320,6614,2,M02,5986,61,6047
J25-0030,0,2313,2880,6015,1,M01,6011,78,6089
J25-0034,8,2715,2880,6387,2,M03,6011,76,6087
J25-0061,9,4233,4320,6533,6,M05,6019,47,6066
J25-0039,9,3137,4320,6259,8,M04,6020,90,6110
J25-0082,7,5419,5760,7265,1,M00,6027,86,6113
J25-0059,1,4076,4320,6187,8,M07,6036,72,6108
J25-0053,9,3809,4320,6614,3,M06,6047,7,6054
J25-0084,1,5438,5760,6816,1,M02,6047,90,6137
J25-0046,3,3354,4320,6149,5,M08,6076,52,6128
J25-0049,2,3603,4320,6414,5,M05,6076,10,6086
J25-0034,8,2715,2880,6387,3,M05,6087,51,6138
J25-0058,3,4060,4320,6044,7,M03,6087,98,6185
J25-0056,5,3945,4320,6686,1,M01,6089,2,6091
J25-0073,3,4628,5760,7489,0,M01,6091,81,6172
J25-0049,2,3603,4320,6414,6,M07,6108,12,6120
J25-0045,6,3235,4320,6188,9,M04,6110,55,6165
J25-0069,8,4606,5760,6778,0,M00,6113,76,6189
J25-0049,2,3603,4320,6414,7,M06,6120,89,6209
J25-0046,3,3354,4320,6149,6,M07,6128,85,6213
J25-0054,0,3836,4320,6171,9,M09,6129,21,6150
J25-0030,0,2313,2880,6015,2,M02,6137,9,6146
J25-0056,5,3945,4320,6686,2,M05,6138,52,6190
J25-0059,1,4076,4320,6187,9,M08,6139,30,6169
J25-0034,8,2715,2880,6387,4,M02,6146,85,6231
J25-0040,0,3145,4320,6171,9,M09,6150,21,6171
J25-0084,1,5438,5760,6816,2,M04,6165,75,6240
J25-0050,6,3607,4320,6371,7,M08,6169,89,6258
J25-0082,7,5419,5760,7265,2,M01,6172,46,6218
J25-0030,0,2313,2880,6015,3,M03,6185,36,6221
J25-0058,3,4060,4320,6044,8,M09,6185,22,6207
J25-0087,8,5630,5760,10332,0,M00,6189,76,6265
J25-0058,3,4060,4320,6044,9,M05,6207,43,6250
J25-0039,9,3137,4320,6259,9,M07,6213,45,6258
J25-0042,8,3195,4320,7213,1,M01,6218,69,6287
J25-0046,3,3354,4320,6149,7,M03,6221,98,6319
J25-0034,8,2715,2880,6387,5,M09,6231,11,6242
J25-0048,7,3494,4320,7551,0,M02,6231,31,6262
J25-0030,0,2313,2880,6015,4,M04,6240,49,6289
J25-0034,8,2715,2880,6387,6,M06,6242,40,6282
J25-0049,2,3603,4320,6414,8,M09,6242,45,6287
J25-0082,7,5419,5760,7265,3,M05,6250,74,6324
J25-0050,6,3607,4320,6371,8,M07,6258,30,6288
J25-0053,9,3809,4320,6614,4,M08,6258,64,6322
J25-0078,5,4848,5760,7603,0,M02,6262,84,6346
J25-0033,2,2660,2880,6738,1,M00,6265,85,6350
J25-0069,8,4606,5760,6778,1,M01,6287,69,6356
J25-0084,1,5438,5760,6816,3,M09,6287,11,6298
J25-0034,8,2715,2880,6387,7,M07,6288,89,6377
J25-0050,6,3607,4320,6371,9,M04,6289,55,6344
J25-0046,3,3354,4320,6149,8,M09,6319,22,6341
J25-0061,9,4233,4320,6533,7,M03,6319,52,6371
J25-0030,0,2313,2880,6015,5,M05,6324,11,6335
J25-0052,8,3675,4320,6437,9,M08,6329,74,6403
J25-0030,0,2313,2880,6015,6,M06,6335,62,6397
J25-0046,3,3354,4320,6149,9,M05,6341,43,6384
J25-0053,9,3809,4320,6614,5,M09,6341,76,6417
J25-0049,2,3603,4320,6414,9,M04,6344,33,6377
J25-0073,3,4628,5760,7489,1,M02,6346,95,6441
J25-0076,1,4689,5760,7750,0,M00,6350,43,6393
J25-0078,5,4848,5760,7603,1,M01,6356,2,6358
J25-0072,6,4615,5760,7261,0,M01,6358,46,6404
J25-0033,2,2660,2880,6738,2,M03,6371,39,6410
J25-0034,8,2715,2880,6387,8,M04,6377,26,6403
J25-0048,7,3494,4320,7551,1,M00,6393,86,6479
J25-0030,0,2313,2880,6015,7,M07,6397,56,6453
J25-0034,8,2715,2880,6387,9,M08,6403,74,6477
J25-0061,9,4233,4320,6533,8,M04,6403,90,6493
J25-0085,6,5499,5760,7735,0,M01,6404,46,6450
J25-0069,8,4606,5760,6778,2,M03,6410,76,6486
J25-0053,9,3809,4320,6614,6,M05,6417,47,6464
J25-0033,2,2660,2880,6738,3,M02,6441,74,6515
J25-0087,8,5630,5760,10332,1,M01,6450,69,6519
J25-0030,0,2313,2880,6015,9,M09,6453,21,6474
J25-0051,4,3651,4320,6988,6,M08,6477,21,6498
J25-0072,6,4615,5760,7261,1,M00,6479,37,6516
J25-0053,9,3809,4320,6614,7,M03,6486,52,6538
J25-0069,8,4606,5760,6778,3,M05,6486,51,6537
J25-0061,9,4233,4320,6533,9,M07,6493,45,6538
J25-0082,7,5419,5760,7265,4,M04,6493,32,6525
J25-0033,2,2660,2880,6738,4,M08,6515,90,6605
J25-0081,4,5337,5760,7621,0,M02,6515,14,6529
J25-0075,4,4666,5760,7277,1,M00,6516,6,6522
J25-0073,3,4628,5760,7489,2,M00,6522,71,6593
J25-0075,4,4666,5760,7277,2,M01,6522,22,6544
J25-0082,7,5419,5760,7265,5,M06,6525,88,6613
J25-0069,8,4606,5760,6778,4,M02,6537,85,6622
J25-0051,4,3651,4320,6988,7,M07,6538,49,6587
J25-0053,9,3809,4320,6614,8,M04,6538,90,6628
J25-0084,1,5438,5760,6816,4,M03,6538,69,6607
J25-0048,7,3494,4320,7551,2,M01,6544,46,6590
J25-0075,4,4666,5760,7277,3,M05,6544,61,6605
J25-0083,0,5436,5760,7484,0,M00,6593,29,6622
J25-0033,2,2660,2880,6738,5,M05,6605,10,6615
J25-0056,5,3945,4320,6686,3,M03,6607,95,6702
J25-0084,1,5438,5760,6816,5,M01,6607,28,6635
J25-0082,7,5419,5760,7265,6,M08,6613,19,6632
J25-0033,2,2660,2880,6738,6,M07,6615,12,6627
J25-0048,7,3494,4320,7551,3,M05,6615,74,6689
J25-0066,5,4395,5760,7396,0,M02,6622,84,6706
J25-0069,8,4606,5760,6778,5,M09,6622,11,6633
J25-0081,4,5337,5760,7621,1,M00,6622,6,6628
J25-0053,9,3809,4320,6614,9,M07,6628,45,6673
J25-0068,0,4539,5760,8948,0,M00,6628,29,6657
J25-0073,3,4628,5760,7489,3,M04,6628,99,6727
J25-0051,4,3651,4320,6988,8,M09,6633,72,6705
J25-0069,8,4606,5760,6778,6,M06,6633,40,6673
J25-0038,3,2972,4320,7669,0,M01,6635,81,6716
J25-0071,8,4614,5760,7583,0,M00,6657,76,6733
J25-0069,8,4606,5760,6778,7,M07,6673,89,6762
J25-0084,1,5438,5760,6816,6,M06,6673,46,6719
J25-0056,5,3945,4320,6686,4,M08,6702,48,6750
J25-0075,4,4666,5760,7277,4,M03,6702,26,6728
J25-0082,7,5419,5760,7265,7,M09,6705,48,6753
J25-0070,7,4607,5760,7887,0,M02,6706,31,6737
J25-0066,5,4395,5760,7396,1,M01,6716,2,6718
J25-0083,0,5436,5760,7484,1,M01,6718,78,6796
J25-0033,2,2660,2880,6738,7,M06,6719,89,6808
J25-0084,1,5438,5760,6816,7,M05,6719,46,6765
J25-0048,7,3494,4320,7551,4,M04,6727,32,6759
J25-0042,8,3195,4320,7213,2,M03,6728,76,6804
J25-0038,3,2972,4320,7669,1,M02,6737,95,6832
J25-0070,7,4607,5760,7887,1,M00,6737,86,6823
J25-0056,5,3945,4320,6686,5,M09,6753,72,6825
J25-0069,8,4606,5760,6778,8,M04,6762,26,6788
J25-0066,5,4395,5760,7396,2,M05,6765,52,6817
J25-0084,1,5438,5760,6816,8,M07,6765,72,6837
J25-0069,8,4606,5760,6778,9,M08,6788,74,6862
J25-0075,4,4666,5760,7277,5,M04,6788,69,6857
J25-0071,8,4614,5760,7583,1,M01,6796,69,6865
J25-0072,6,4615,5760,7261,2,M03,6804,61,6865
J25-0073,3,4628,5760,7489,4,M06,6808,9,6817
J25-0042,8,3195,4320,7213,3,M05,6817,51,6868
J25-0051,4,3651,4320,6988,9,M06,6819,53,6872
J25-0033,2,2660,2880,6738,8,M09,6825,45,6870
J25-0056,5,3945,4320,6686,6,M00,6825,47,6872
J25-0083,0,5436,5760,7484,2,M02,6832,9,6841
J25-0082,7,5419,5760,7265,8,M07,6837,36,6873
J25-0065,4,4375,5760,7640,0,M02,6841,14,6855
J25-0084,1,5438,5760,6816,9,M08,6862,30,6892
J25-0070,7,4607,5760,7887,2,M01,6865,46,6911
J25-0072,6,4615,5760,7261,3,M02,6865,13,6878
J25-0083,0,5436,5760,7484,3,M03,6865,36,6901
J25-0078,5,4848,5760,7603,2,M05,6868,52,6920
J25-0033,2,2660,2880,6738,9,M04,6870,33,6903
J25-0038,3,2972,4320,7669,2,M00,6872,71,6943
J25-0056,5,3945,4320,6686,7,M06,6872,65,6937
J25-0042,8,3195,4320,7213,4,M02,6878,85,6963
J25-0075,4,4666,5760,7277,6,M08,6892,21,6913
J25-0066,5,4395,5760,7396,3,M03,6901,95,6996
J25-0064,2,4334,5760,7976,0,M01,6911,91,7002
J25-0073,3,4628,5760,7489,5,M08,6913,52,6965
J25-0056,5,3945,4320,6686,8,M04,6937,6,6943
J25-0072,6,4615,5760,7261,4,M06,6937,32,6969
J25-0056,5,3945,4320,6686,9,M07,6943,25,6968
J25-0083,0,5436,5760,7484,4,M04,6943,49,6992
J25-0085,6,5499,5760,7735,1,M00,6943,37,6980
J25-0042,8,3195,4320,7213,5,M09,6963,11,6974
J25-0067,7,4416,5760,7920,0,M02,6963,31,6994
J25-0075,4,4666,5760,7277,7,M07,6968,49,7017
J25-0072,6,4615,5760,7261,5,M05,6969,21,6990
J25-0042,8,3195,4320,7213,6,M06,6974,40,7014
J25-0079,0,4975,5760,8259,0,M00,6980,29,7009
J25-0072,6,4615,5760,7261,6,M09,6990,32,7022
J25-0038,3,2972,4320,7669,3,M04,6992,99,7091
J25-0083,0,5436,5760,7484,5,M05,6992,11,7003
J25-0086,5,5520,5760,8234,0,M02,6994,84,7078
J25-0066,5,4395,5760,7396,4,M08,6996,48,7044
J25-0071,8,4614,5760,7583,2,M03,6996,76,7072
J25-0074,2,4659,5760,7742,0,M01,7002,91,7093
J25-0070,7,4607,5760,7887,3,M05,7003,74,7077
J25-0065,4,4375,5760,7640,1,M00,7009,6,7015
J25-0048,7,3494,4320,7551,5,M06,7014,88,7102
J25-0064,2,4334,5760,7976,1,M00,7015,85,7100
J25-0042,8,3195,4320,7213,7,M07,7017,89,7106
J25-0075,4,4666,5760,7277,8,M09,7022,72,7094
J25-0072,6,4615,5760,7261,7,M08,7044,89,7133
J25-0078,5,4848,5760,7603,3,M03,7072,95,7167
J25-0071,8,4614,5760,7583,3,M05,7077,51,7128
J25-0081,4,5337,5760,7621,2,M01,7093,22,7115
J25-0066,5,4395,5760,7396,5,M09,7094,72,7166
J25-0038,3,2972,4320,7669,4,M06,7102,9,7111
J25-0042,8,3195,4320,7213,8,M04,7106,26,7132
J25-0073,3,4628,5760,7489,6,M07,7106,85,7191
J25-0083,0,5436,5760,7484,6,M06,7111,62,7173
J25-0089,9,5759,5760,8570,0,M01,7115,85,7200
J25-0071,8,4614,5760,7583,4,M02,7128,85,7213
J25-0081,4,5337,5760,7621,3,M05,7128,61,7189
J25-0070,7,4607,5760,7887,4,M04,7132,32,7164
J25-0042,8,3195,4320,7213,9,M08,7139,74,7213
J25-0066,5,4395,5760,7396,6,M00,7166,47,7213
J25-0082,7,5419,5760,7265,9,M03,7167,79,7246
J25-0075,4,4666,5760,7277,9,M06,7187,53,7240
J25-0072,6,4615,5760,7261,8,M07,7191,30,7221
J25-0065,4,4375,5760,7640,2,M01,7200,22,7222
J25-0048,7,3494,4320,7551,6,M08,7213,19,7232
J25-0071,8,4614,5760,7583,5,M09,7213,11,7224
J25-0076,1,4689,5760,7750,1,M02,7213,90,7303
J25-0089,9,5759,5760,8570,1,M00,7213,13,7226
J25-0072,6,4615,5760,7261,9,M04,7221,55,7276
J25-0083,0,5436,5760,7484,7,M07,7221,56,7277
J25-0065,4,4375,5760,7640,3,M05,7222,61,7283
J25-0080,2,5210,5760,8362,0,M01,7222,91,7313
J25-0067,7,4416,5760,7920,1,M00,7226,86,7312
J25-0048,7,3494,4320,7551,7,M09,7232,48,7280
J25-0078,5,4848,5760,7603,4,M08,7232,48,7280
J25-0071,8,4614,5760,7583,6,M06,7240,40,7280
J25-0081,4,5337,5760,7621,4,M03,7246,26,7272
J25-0073,3,4628,5760,7489,7,M03,7272,98,7370
J25-0081,4,5337,5760,7621,5,M04,7276,69,7345
J25-0066,5,4395,5760,7396,7,M06,7280,65,7345
J25-0071,8,4614,5760,7583,7,M07,7280,89,7369
J25-0078,5,4848,5760,7603,5,M09,7280,72,7352
J25-0083,0,5436,5760,7484,8,M08,7280,44,7324
J25-0089,9,5759,5760,8570,2,M02,7303,61,7364
J25-0074,2,4659,5760,7742,1,M00,7312,85,7397
J25-0086,5,5520,5760,8234,1,M01,7313,2,7315
J25-0067,7,4416,5760,7920,2,M01,7315,46,7361
J25-0086,5,5520,5760,8234,2,M05,7315,52,7367
J25-0066,5,4395,5760,7396,8,M04,7345,6,7351
J25-0070,7,4607,5760,7887,5,M06,7345,88,7433
J25-0081,4,5337,5760,7621,6,M08,7345,21,7366
J25-0076,1,4689,5760,7750,2,M04,7351,75,7426
J25-0088,3,5677,5760,8515,0,M01,7361,81,7442
J25-0038,3,2972,4320,7669,5,M08,7366,52,7418
J25-0067,7,4416,5760,7920,3,M05,7367,74,7441
J25-0066,5,4395,5760,7396,9,M07,7369,25,7394
J25-0073,3,4628,5760,7489,8,M09,7370,22,7392
J25-0085,6,5499,5760,7735,2,M03,7370,61,7431
J25-0081,4,5337,5760,7621,7,M07,7394,49,7443
J25-0078,5,4848,5760,7603,6,M00,7397,47,7444
J25-0083,0,5436,5760,7484,9,M09,7422,21,7443
J25-0071,8,4614,5760,7583,8,M04,7426,26,7452
J25-0065,4,4375,5760,7640,4,M03,7431,26,7457
J25-0085,6,5499,5760,7735,3,M02,7431,13,7444
J25-0070,7,4607,5760,7887,6,M08,7433,19,7452
J25-0089,9,5759,5760,8570,3,M06,7433,7,7440
J25-0077,9,4751,5760,8821,0,M01,7442,85,7527
J25-0048,7,3494,4320,7551,8,M07,7443,36,7479
J25-0081,4,5337,5760,7621,8,M09,7443,72,7515
J25-0080,2,5210,5760,8362,1,M00,7444,85,7529
J25-0085,6,5499,5760,7735,4,M06,7444,32,7476
J25-0088,3,5677,5760,8515,1,M02,7444,95,7539
J25-0073,3,4628,5760,7489,9,M05,7446,43,7489
J25-0071,8,4614,5760,7583,9,M08,7452,74,7526
J25-0065,4,4375,5760,7640,5,M04,7457,69,7526
J25-0074,2,4659,5760,7742,2,M03,7457,39,7496
J25-0078,5,4848,5760,7603,7,M06,7476,65,7541
J25-0038,3,2972,4320,7669,6,M07,7479,85,7564
J25-0085,6,5499,5760,7735,5,M05,7489,21,7510
J25-0048,7,3494,4320,7551,9,M03,7496,79,7575
J25-0085,6,5499,5760,7735,6,M09,7515,32,7547
J25-0065,4,4375,5760,7640,6,M08,7526,21,7547
J25-0067,7,4416,5760,7920,4,M04,7526,32,7558
J25-0068,0,4539,5760,8948,1,M01,7527,78,7605
J25-0077,9,4751,5760,8821,1,M00,7529,13,7542
J25-0074,2,4659,5760,7742,3,M02,7539,74,7613
J25-0081,4,5337,5760,7621,9,M06,7541,53,7594
J25-0088,3,5677,5760,8515,2,M00,7542,71,7613
J25-0076,1,4689,5760,7750,3,M09,7547,11,7558
J25-0085,6,5499,5760,7735,7,M08,7547,89,7636
J25-0070,7,4607,5760,7887,7,M09,7558,48,7606
J25-0078,5,4848,5760,7603,8,M04,7558,6,7564
J25-0076,1,4689,5760,7750,4,M03,7575,69,7644
J25-0078,5,4848,5760,7603,9,M07,7576,25,7601
J25-0067,7,4416,5760,7920,5,M06,7594,88,7682
J25-0065,4,4375,5760,7640,7,M07,7601,49,7650
J25-0068,0,4539,5760,8948,2,M02,7613,9,7622
J25-0077,9,4751,5760,8821,2,M02,7622,61,7683
J25-0074,2,4659,5760,7742,4,M08,7636,90,7726
J25-0064,2,4334,5760,7976,2,M03,7644,39,7683
J25-0076,1,4689,5760,7750,5,M01,7644,28,7672
J25-0065,4,4375,5760,7640,8,M09,7650,72,7722
J25-0085,6,5499,5760,7735,8,M07,7650,30,7680
J25-0079,0,4975,5760,8259,1,M01,7672,78,7750
J25-0070,7,4607,5760,7887,8,M07,7680,36,7716
J25-0085,6,5499,5760,7735,9,M04,7680,55,7735
J25-0076,1,4689,5760,7750,6,M06,7682,46,7728
J25-0038,3,2972,4320,7669,7,M03,7683,98,7781
J25-0064,2,4334,5760,7976,3,M02,7683,74,7757
J25-0067,7,4416,5760,7920,6,M08,7726,19,7745
J25-0074,2,4659,5760,7742,5,M05,7726,10,7736
J25-0065,4,4375,5760,7640,9,M06,7728,53,7781
J25-0074,2,4659,5760,7742,6,M07,7736,12,7748
J25-0076,1,4689,5760,7750,7,M05,7736,46,7782
J25-0064,2,4334,5760,7976,4,M08,7757,90,7847
J25-0079,0,4975,5760,8259,2,M02,7757,9,7766
J25-0038,3,2972,4320,7669,8,M09,7781,22,7803
J25-0070,7,4607,5760,7887,9,M03,7781,79,7860
J25-0074,2,4659,5760,7742,7,M06,7781,89,7870
J25-0076,1,4689,5760,7750,8,M07,7782,72,7854
J25-0038,3,2972,4320,7669,9,M05,7803,43,7846
J25-0067,7,4416,5760,7920,7,M09,7803,48,7851
J25-0064,2,4334,5760,7976,5,M05,7847,10,7857
J25-0076,1,4689,5760,7750,9,M08,7854,30,7884
J25-0064,2,4334,5760,7976,6,M07,7857,12,7869
J25-0080,2,5210,5760,8362,2,M03,7860,39,7899
J25-0067,7,4416,5760,7920,8,M07,7869,36,7905
J25-0064,2,4334,5760,7976,7,M06,7870,89,7959
J25-0074,2,4659,5760,7742,8,M09,7870,45,7915
J25-0089,9,5759,5760,8570,4,M08,7884,64,7948
J25-0079,0,4975,5760,8259,3,M03,7899,36,7935
J25-0080,2,5210,5760,8362,3,M02,7899,74,7973
J25-0074,2,4659,5760,7742,9,M04,7915,33,7948
J25-0067,7,4416,5760,7920,9,M03,7935,79,8014
J25-0079,0,4975,5760,8259,4,M04,7948,49,7997
J25-0064,2,4334,5760,7976,8,M09,7959,45,8004
J25-0077,9,4751,5760,8821,3,M06,7959,7,7966
J25-0080,2,5210,5760,8362,4,M08,7973,90,8063
J25-0079,0,4975,5760,8259,5,M05,7997,11,8008
J25-0064,2,4334,5760,7976,9,M04,8004,33,8037
J25-0089,9,5759,5760,8570,5,M09,8004,76,8080
J25-0079,0,4975,5760,8259,6,M06,8008,62,8070
J25-0086,5,5520,5760,8234,3,M03,8014,95,8109
J25-0088,3,5677,5760,8515,3,M04,8037,99,8136
J25-0080,2,5210,5760,8362,5,M05,8063,10,8073
J25-0080,2,5210,5760,8362,6,M07,8073,12,8085
J25-0089,9,5759,5760,8570,6,M05,8080,47,8127
J25-0079,0,4975,5760,8259,7,M07,8085,56,8141
J25-0080,2,5210,5760,8362,7,M06,8085,89,8174
J25-0068,0,4539,5760,8948,3,M03,8109,36,8145
J25-0086,5,5520,5760,8234,4,M08,8109,48,8157
J25-0068,0,4539,5760,8948,4,M04,8145,49,8194
J25-0087,8,5630,5760,10332,2,M03,8145,76,8221
J25-0079,0,4975,5760,8259,8,M08,8157,44,8201
J25-0086,5,5520,5760,8234,5,M09,8157,72,8229
J25-0088,3,5677,5760,8515,4,M06,8174,9,8183
J25-0068,0,4539,5760,8948,5,M05,8194,11,8205
J25-0088,3,5677,5760,8515,5,M08,8201,52,8253
J25-0068,0,4539,5760,8948,6,M06,8205,62,8267
J25-0087,8,5630,5760,10332,3,M05,8221,51,8272
J25-0089,9,5759,5760,8570,7,M03,8221,52,8273
J25-0086,5,5520,5760,8234,6,M00,8229,47,8276
J25-0079,0,4975,5760,8259,9,M09,8238,21,8259
J25-0077,9,4751,5760,8821,4,M08,8253,64,8317
J25-0088,3,5677,5760,8515,6,M07,8253,85,8338
J25-0080,2,5210,5760,8362,8,M09,8259,45,8304
J25-0087,8,5630,5760,10332,4,M02,8272,85,8357
J25-0086,5,5520,5760,8234,7,M06,8276,65,8341
J25-0080,2,5210,5760,8362,9,M04,8308,33,8341
J25-0088,3,5677,5760,8515,7,M03,8338,98,8436
J25-0086,5,5520,5760,8234,8,M04,8341,6,8347
J25-0086,5,5520,5760,8234,9,M07,8347,25,8372
J25-0089,9,5759,5760,8570,8,M04,8347,90,8437
J25-0087,8,5630,5760,10332,5,M09,8357,11,8368
J25-0077,9,4751,5760,8821,5,M09,8368,76,8444
J25-0087,8,5630,5760,10332,6,M06,8368,40,8408
J25-0087,8,5630,5760,10332,7,M07,8408,89,8497
J25-0088,3,5677,5760,8515,8,M09,8444,22,8466
J25-0088,3,5677,5760,8515,9,M05,8472,43,8515
J25-0087,8,5630,5760,10332,8,M04,8497,26,8523
J25-0077,9,4751,5760,8821,6,M05,8515,47,8562
J25-0089,9,5759,5760,8570,9,M07,8525,45,8570
J25-0077,9,4751,5760,8821,7,M03,8562,52,8614
J25-0068,0,4539,5760,8948,7,M07,8570,56,8626
J25-0077,9,4751,5760,8821,8,M04,8614,90,8704
J25-0068,0,4539,5760,8948,8,M08,8626,44,8670
J25-0077,9,4751,5760,8821,9,M07,8776,45,8821
J25-0068,0,4539,5760,8948,9,M09,8927,21,8948
J25-0087,8,5630,5760,10332,9,M08,10258,74,10332
