Job,Production_Plan_ID,Operation,Machine,Arrival,Deadline,Start,Processing Time,End,Lateness,Tardiness,Earliness
0,0,5,M05,49,2027,2880,11,2891,864,864,0
10,0,8,M08,922,2900,2880,44,2924,24,24,0
16,1,3,M09,1254,3807,2880,11,2891,-916,0,916
20,7,0,M02,1472,4170,2880,31,2911,-1259,0,1259
26,9,0,M01,1882,4585,2880,85,2965,-1620,0,1620
39,0,0,M00,2663,4641,2880,29,2909,-1732,0,1732
4,4,9,M06,386,2353,2880,53,2933,580,580,0
14,4,5,M04,1127,3094,2887,69,2956,-138,0,138
16,1,4,M03,1254,3807,2891,69,2960,-847,0,847
20,7,1,M00,1472,4170,2911,86,2997,-1173,0,1173
32,5,0,M02,2478,4961,2911,84,2995,-1966,0,1966
10,0,9,M09,922,2900,2924,21,2945,45,45,0
0,0,6,M06,49,2027,2933,62,2995,968,968,0
14,4,6,M08,1127,3094,2956,21,2977,-117,0,117
7,7,4,M04,506,3204,2956,32,2988,-216,0,216
16,1,5,M01,1254,3807,2965,28,2993,-814,0,814
14,4,7,M07,1127,3094,2977,49,3026,-68,0,68
8,8,8,M04,526,3515,2988,26,3014,-501,0,501
32,5,1,M01,2478,4961,2995,2,2997,-1964,0,1964
40,4,0,M02,2862,4829,2995,14,3009,-1820,0,1820
7,7,5,M06,506,3204,2995,88,3083,-121,0,121
20,7,2,M01,1472,4170,2997,46,3043,-1127,0,1127
26,9,1,M00,1882,4585,2997,13,3010,-1575,0,1575
32,5,2,M05,2478,4961,2997,52,3049,-1912,0,1912
26,9,2,M02,1882,4585,3010,61,3071,-1514,0,1514
40,4,1,M00,2862,4829,3010,6,3016,-1813,0,1813
17,3,3,M04,1285,4564,3014,99,3113,-1451,0,1451
31,1,0,M00,2413,4966,3016,43,3059,-1907,0,1907
0,0,7,M07,49,2027,3026,56,3082,1055,1055,0
14,4,8,M09,1127,3094,3026,72,3098,4,4,0
33,6,0,M01,2528,4611,3043,46,3089,-1522,0,1522
20,7,3,M05,1472,4170,3049,74,3123,-1047,0,1047
32,5,3,M03,2478,4961,3049,95,3144,-1817,0,1817
28,0,0,M00,2190,4168,3059,29,3088,-1080,0,1080
31,1,1,M02,2413,4966,3071,90,3161,-1805,0,1805
26,9,3,M06,1882,4585,3083,7,3090,-1495,0,1495
7,7,6,M08,506,3204,3083,19,3102,-102,0,102
22,2,0,M01,1521,4364,3089,91,3180,-1184,0,1184
33,6,1,M00,2528,4611,3089,37,3126,-1485,0,1485
14,4,9,M06,1127,3094,3098,53,3151,57,57,0
0,0,8,M08,49,2027,3102,44,3146,1119,1119,0
7,7,7,M09,506,3204,3102,48,3150,-54,0,54
20,7,4,M04,1472,4170,3123,32,3155,-1015,0,1015
29,1,0,M00,2238,4791,3126,43,3169,-1622,0,1622
26,9,4,M08,1882,4585,3146,64,3210,-1375,0,1375
0,0,9,M09,49,2027,3150,21,3171,1144,1144,0
7,7,8,M07,506,3204,3150,36,3186,-18,0,18
17,3,4,M06,1285,4564,3151,9,3160,-1404,0,1404
20,7,5,M06,1472,4170,3160,88,3248,-922,0,922
24,5,0,M02,1602,4085,3161,84,3245,-840,0,840
31,1,2,M04,2413,4966,3161,75,3236,-1730,0,1730
22,2,1,M00,1521,4364,3180,85,3265,-1099,0,1099
40,4,2,M01,2862,4829,3180,22,3202,-1627,0,1627
7,7,9,M03,506,3204,3186,79,3265,61,61,0
25,6,0,M01,1794,3877,3202,46,3248,-629,0,629
40,4,3,M05,2862,4829,3202,61,3263,-1566,0,1566
32,5,4,M08,2478,4961,3210,48,3258,-1703,0,1703
31,1,3,M09,2413,4966,3236,11,3247,-1719,0,1719
35,7,0,M02,2576,5274,3245,31,3276,-1998,0,1998
26,9,5,M09,1882,4585,3247,76,3323,-1262,0,1262
16,1,6,M06,1254,3807,3248,46,3294,-513,0,513
24,5,1,M01,1602,4085,3248,2,3250,-835,0,835
21,3,0,M01,1495,4774,3250,81,3331,-1443,0,1443
17,3,5,M08,1285,4564,3258,52,3310,-1254,0,1254
24,5,2,M05,1602,4085,3263,52,3315,-770,0,770
31,1,4,M03,2413,4966,3265,69,3334,-1632,0,1632
35,7,1,M00,2576,5274,3276,86,3362,-1912,0,1912
38,4,0,M02,2652,4619,3276,14,3290,-1329,0,1329
27,4,0,M02,2132,4099,3290,14,3304,-795,0,795
17,3,6,M07,1285,4564,3310,85,3395,-1169,0,1169
20,7,6,M08,1472,4170,3310,19,3329,-841,0,841
26,9,6,M05,1882,4585,3323,47,3370,-1215,0,1215
32,5,5,M09,2478,4961,3323,72,3395,-1566,0,1566
21,3,1,M02,1495,4774,3331,95,3426,-1348,0,1348
31,1,5,M01,2413,4966,3334,28,3362,-1604,0,1604
40,4,4,M03,2862,4829,3334,26,3360,-1469,0,1469
25,6,1,M00,1794,3877,3362,37,3399,-478,0,478
31,1,6,M06,2413,4966,3362,46,3408,-1558,0,1558
35,7,2,M01,2576,5274,3362,46,3408,-1866,0,1866
26,9,7,M03,1882,4585,3370,52,3422,-1163,0,1163
20,7,7,M09,1472,4170,3395,48,3443,-727,0,727
27,4,1,M00,2132,4099,3399,6,3405,-694,0,694
38,4,1,M00,2652,4619,3405,6,3411,-1208,0,1208
31,1,7,M05,2413,4966,3408,46,3454,-1512,0,1512
37,2,0,M01,2645,5488,3408,91,3499,-1989,0,1989
22,2,2,M03,1521,4364,3422,39,3461,-903,0,903
26,9,8,M04,1882,4585,3422,90,3512,-1073,0,1073
21,3,2,M00,1495,4774,3426,71,3497,-1277,0,1277
8,8,9,M08,526,3515,3441,74,3515,0,0,0
31,1,8,M07,2413,4966,3454,72,3526,-1440,0,1440
35,7,3,M05,2576,5274,3454,74,3528,-1746,0,1746
22,2,3,M02,1521,4364,3461,74,3535,-829,0,829
25,6,2,M03,1794,3877,3461,61,3522,-355,0,355
27,4,2,M01,2132,4099,3499,22,3521,-578,0,578
37,2,1,M00,2645,5488,3499,85,3584,-1904,0,1904
21,3,3,M04,1495,4774,3512,99,3611,-1163,0,1163
28,0,1,M01,2190,4168,3521,78,3599,-569,0,569
24,5,3,M03,1602,4085,3522,95,3617,-468,0,468
20,7,8,M07,1472,4170,3526,36,3562,-608,0,608
27,4,3,M05,2132,4099,3528,61,3589,-510,0,510
22,2,4,M08,1521,4364,3535,90,3625,-739,0,739
25,6,3,M02,1794,3877,3535,13,3548,-329,0,329
25,6,4,M06,1794,3877,3548,32,3580,-297,0,297
32,5,6,M00,2478,4961,3584,47,3631,-1330,0,1330
11,9,9,M07,928,3631,3586,45,3631,0,0,0
25,6,5,M05,1794,3877,3589,21,3610,-267,0,267
28,0,2,M02,2190,4168,3599,9,3608,-560,0,560
38,4,2,M01,2652,4619,3599,22,3621,-998,0,998
25,6,6,M09,1794,3877,3610,32,3642,-235,0,235
21,3,4,M06,1495,4774,3611,9,3620,-1154,0,1154
35,7,4,M04,2576,5274,3611,32,3643,-1631,0,1631
28,0,3,M03,2190,4168,3617,36,3653,-515,0,515
34,9,0,M01,2533,5236,3621,85,3706,-1530,0,1530
22,2,5,M05,1521,4364,3625,10,3635,-729,0,729
24,5,4,M08,1602,4085,3625,48,3673,-412,0,412
23,8,0,M00,1557,4546,3631,76,3707,-839,0,839
32,5,7,M06,2478,4961,3631,65,3696,-1265,0,1265
16,1,7,M05,1254,3807,3635,46,3681,-126,0,126
22,2,6,M07,1521,4364,3635,12,3647,-717,0,717
28,0,4,M04,2190,4168,3653,49,3702,-466,0,466
37,2,2,M03,2645,5488,3653,39,3692,-1796,0,1796
24,5,5,M09,1602,4085,3673,72,3745,-340,0,340
25,6,7,M08,1794,3877,3673,89,3762,-115,0,115
16,1,8,M07,1254,3807,3681,72,3753,-54,0,54
38,4,3,M05,2652,4619,3681,61,3742,-877,0,877
27,4,4,M03,2132,4099,3692,26,3718,-381,0,381
37,2,3,M02,2645,5488,3692,74,3766,-1722,0,1722
32,5,8,M04,2478,4961,3702,6,3708,-1253,0,1253
39,0,1,M01,2663,4641,3706,78,3784,-857,0,857
34,9,1,M00,2533,5236,3707,13,3720,-1516,0,1516
27,4,5,M04,2132,4099,3718,69,3787,-312,0,312
30,8,0,M00,2278,5267,3720,76,3796,-1471,0,1471
28,0,5,M05,2190,4168,3742,11,3753,-415,0,415
28,0,6,M06,2190,4168,3753,62,3815,-353,0,353
15,7,9,M03,1142,3840,3761,79,3840,0,0,0
25,6,8,M07,1794,3877,3762,30,3792,-85,0,85
34,9,2,M02,2533,5236,3766,61,3827,-1409,0,1409
16,1,9,M08,1254,3807,3777,30,3807,0,0,0
23,8,1,M01,1557,4546,3784,69,3853,-693,0,693
13,2,9,M04,1001,3844,3789,33,3822,-22,0,22
24,5,6,M00,1602,4085,3796,47,3843,-242,0,242
27,4,6,M08,2132,4099,3807,21,3828,-271,0,271
28,0,7,M07,2190,4168,3815,56,3871,-297,0,297
25,6,9,M04,1794,3877,3822,55,3877,0,0,0
29,1,1,M02,2238,4791,3827,90,3917,-874,0,874
34,9,3,M06,2533,5236,3827,7,3834,-1402,0,1402
37,2,4,M08,2645,5488,3828,90,3918,-1570,0,1570
38,4,4,M03,2652,4619,3840,26,3866,-753,0,753
24,5,7,M06,1602,4085,3843,65,3908,-177,0,177
30,8,1,M01,2278,5267,3853,69,3922,-1345,0,1345
23,8,2,M03,1557,4546,3866,76,3942,-604,0,604
27,4,7,M07,2132,4099,3871,49,3920,-179,0,179
38,4,5,M04,2652,4619,3877,69,3946,-673,0,673
39,0,2,M02,2663,4641,3917,9,3926,-715,0,715
21,3,5,M08,1495,4774,3918,52,3970,-804,0,804
37,2,5,M05,2645,5488,3918,10,3928,-1560,0,1560
27,4,8,M09,2132,4099,3920,72,3992,-107,0,107
36,3,0,M01,2594,5873,3922,81,4003,-1870,0,1870
37,2,6,M07,2645,5488,3928,12,3940,-1548,0,1548
37,2,7,M06,2645,5488,3940,89,4029,-1459,0,1459
23,8,3,M05,1557,4546,3942,51,3993,-553,0,553
33,6,2,M03,2528,4611,3942,61,4003,-608,0,608
40,4,5,M04,2862,4829,3946,69,4015,-814,0,814
21,3,6,M07,1495,4774,3970,85,4055,-719,0,719
38,4,6,M08,2652,4619,3970,21,3991,-628,0,628
33,6,3,M02,2528,4611,4003,13,4016,-595,0,595
39,0,3,M03,2663,4641,4003,36,4039,-602,0,602
24,5,8,M04,1602,4085,4015,6,4021,-64,0,64
40,4,6,M08,2862,4829,4015,21,4036,-793,0,793
23,8,4,M02,1557,4546,4016,85,4101,-445,0,445
29,1,2,M04,2238,4791,4021,75,4096,-695,0,695
37,2,8,M09,2645,5488,4029,45,4074,-1414,0,1414
28,0,8,M08,2190,4168,4036,44,4080,-88,0,88
27,4,9,M06,2132,4099,4046,53,4099,0,0,0
24,5,9,M07,1602,4085,4060,25,4085,0,0,0
20,7,9,M03,1472,4170,4075,79,4154,-16,0,16
34,9,4,M08,2533,5236,4080,64,4144,-1092,0,1092
40,4,7,M07,2862,4829,4085,49,4134,-695,0,695
29,1,3,M09,2238,4791,4096,11,4107,-684,0,684
39,0,4,M04,2663,4641,4096,49,4145,-496,0,496
33,6,4,M06,2528,4611,4099,32,4131,-480,0,480
36,3,1,M02,2594,5873,4101,95,4196,-1677,0,1677
23,8,5,M09,1557,4546,4107,11,4118,-428,0,428
23,8,6,M06,1557,4546,4131,40,4171,-375,0,375
33,6,5,M05,2528,4611,4131,21,4152,-459,0,459
38,4,7,M07,2652,4619,4134,49,4183,-436,0,436
28,0,9,M09,2190,4168,4147,21,4168,0,0,0
39,0,5,M05,2663,4641,4152,11,4163,-478,0,478
21,3,7,M03,1495,4774,4154,98,4252,-522,0,522
34,9,5,M09,2533,5236,4168,76,4244,-992,0,992
22,2,7,M06,1521,4364,4171,89,4260,-104,0,104
23,8,7,M07,1557,4546,4183,89,4272,-274,0,274
36,3,2,M00,2594,5873,4196,71,4267,-1606,0,1606
33,6,6,M09,2528,4611,4244,32,4276,-335,0,335
34,9,6,M05,2533,5236,4244,47,4291,-945,0,945
29,1,4,M03,2238,4791,4252,69,4321,-470,0,470
39,0,6,M06,2663,4641,4260,62,4322,-319,0,319
23,8,8,M04,1557,4546,4272,26,4298,-248,0,248
22,2,8,M09,1521,4364,4276,45,4321,-43,0,43
33,6,7,M08,2528,4611,4276,89,4365,-246,0,246
21,3,8,M09,1495,4774,4321,22,4343,-431,0,431
29,1,5,M01,2238,4791,4321,28,4349,-442,0,442
34,9,7,M03,2533,5236,4321,52,4373,-863,0,863
39,0,7,M07,2663,4641,4322,56,4378,-263,0,263
22,2,9,M04,1521,4364,4331,33,4364,0,0,0
38,4,8,M09,2652,4619,4343,72,4415,-204,0,204
29,1,6,M06,2238,4791,4349,46,4395,-396,0,396
17,3,7,M03,1285,4564,4373,98,4471,-93,0,93
34,9,8,M04,2533,5236,4373,90,4463,-773,0,773
33,6,8,M07,2528,4611,4378,30,4408,-203,0,203
39,0,8,M08,2663,4641,4378,44,4422,-219,0,219
29,1,7,M05,2238,4791,4395,46,4441,-350,0,350
35,7,5,M06,2576,5274,4395,88,4483,-791,0,791
40,4,8,M09,2862,4829,4415,72,4487,-342,0,342
29,1,8,M07,2238,4791,4441,72,4513,-278,0,278
30,8,2,M03,2278,5267,4471,76,4547,-720,0,720
23,8,9,M08,1557,4546,4472,74,4546,0,0,0
17,3,8,M09,1285,4564,4487,22,4509,-55,0,55
17,3,9,M05,1285,4564,4521,43,4564,0,0,0
26,9,9,M07,1882,4585,4540,45,4585,0,0,0
35,7,6,M08,2576,5274,4546,19,4565,-709,0,709
33,6,9,M04,2528,4611,4556,55,4611,0,0,0
30,8,3,M05,2278,5267,4564,51,4615,-652,0,652
35,7,7,M09,2576,5274,4565,48,4613,-661,0,661
38,4,9,M06,2652,4619,4566,53,4619,0,0,0
36,3,3,M04,2594,5873,4611,99,4710,-1163,0,1163
35,7,8,M07,2576,5274,4613,36,4649,-625,0,625
30,8,4,M02,2278,5267,4615,85,4700,-567,0,567
39,0,9,M09,2663,4641,4620,21,4641,0,0,0
30,8,5,M09,2278,5267,4700,11,4711,-556,0,556
36,3,4,M06,2594,5873,4710,9,4719,-1154,0,1154
30,8,6,M06,2278,5267,4719,40,4759,-508,0,508
21,3,9,M05,1495,4774,4731,43,4774,0,0,0
30,8,7,M07,2278,5267,4759,89,4848,-419,0,419
29,1,9,M08,2238,4791,4761,30,4791,0,0,0
40,4,9,M06,2862,4829,4776,53,4829,0,0,0
36,3,5,M08,2594,5873,4791,52,4843,-1030,0,1030
30,8,8,M04,2278,5267,4848,26,4874,-393,0,393
36,3,6,M07,2594,5873,4848,85,4933,-940,0,940
36,3,7,M03,2594,5873,4933,98,5031,-842,0,842
31,1,9,M08,2413,4966,4936,30,4966,0,0,0
32,5,9,M07,2478,4961,4936,25,4961,0,0,0
36,3,8,M09,2594,5873,5031,22,5053,-820,0,820
34,9,9,M07,2533,5236,5191,45,5236,0,0,0
30,8,9,M08,2278,5267,5193,74,5267,0,0,0
35,7,9,M03,2576,5274,5195,79,5274,0,0,0
37,2,9,M04,2645,5488,5455,33,5488,0,0,0
36,3,9,M05,2594,5873,5830,43,5873,0,0,0
